,seq_id,input_seq,aligned_seq,vh_score,AbNatiV CDR1-VH Score,AbNatiV CDR2-VH Score,AbNatiV CDR3-VH Score,AbNatiV FR-VH Score
0,val_cam1,QVQLVESGGGLVQPGGSLRLSCAASGSIVSNNAMGWYRQAPGKERELVAAITRGGITNYADSVKGRFTISRDNATNAVYLQMNTLKPEDTAVYYCNAWVPVEEVAGIARQFQEVWGQGTLVTVSS,QVQLVES-GGGLVQPGGSLRLSCAASG-SIVSN-----NAMGWYRQAPGKERELVAAITR----GGITNYADSVKGRFTISRDNATNAVYLQMNTLKPEDTAVYYCNAWVPVEEVA-------------GIARQFQEVWGQGTLVTVSS,0.688110583,0.6614671,0.83188627,0.047994543,0.810507558
1,val_cam2,QVQLVESGGGLVQPGGSLKLSCAASGEFFRLLIMGWYRQAPGKQRELVASITPGGSTNYADSVKGRFTISRDNAKKMVYLQMNNLKPEDTALYYCNRAAVDGGGGYVPGRGDYWGQGTQVTVSS,QVQLVES-GGGLVQPGGSLKLSCAASG-EFFRL-----LIMGWYRQAPGKQRELVASITP----GGSTNYADSVKGRFTISRDNAKKMVYLQMNNLKPEDTALYYCNRAAVDGGGG--------------YVPGRGDYWGQGTQVTVSS,0.737277649,0.395043792,0.784591193,0.428778664,0.832179687
2,val_cam3,QVQLVESGGGLVQPGGSLRLSCAASGSVFIINAMGWYRQAPGKQRELVAAITSSGSTNYADSVKGRFTISRDNAKDTVYLQMNSLKPEDTAVYYCNAKGSSWYDLGGGAGDDYWGQGTQVTVSS,QVQLVES-GGGLVQPGGSLRLSCAASG-SVFII-----NAMGWYRQAPGKQRELVAAITS----SGSTNYADSVKGRFTISRDNAKDTVYLQMNSLKPEDTAVYYCNAKGSSWYDL--------------GGGAGDDYWGQGTQVTVSS,0.757073528,0.417797923,0.664163049,0.464222671,0.862979308
3,val_cam4,QVQLVESGGGLVQPGGSLRLSCAASGSIFSIHGMGWYRQAPGKERELVATITSRGTTNYADSVKGRFTISRDNAKNTVYLQMNNLKPEDTAVYYCNAEFGTPPVGYDYWGQGTQVTVSS,QVQLVES-GGGLVQPGGSLRLSCAASG-SIFSI-----HGMGWYRQAPGKERELVATITS----RGTTNYADSVKGRFTISRDNAKNTVYLQMNNLKPEDTAVYYCNAEFGTP-------------------PVGYDYWGQGTQVTVSS,0.76278487,0.445062915,0.669113981,0.433257173,0.854493662
4,val_cam5,QVQLVESGGGLVQAGGSLRLSCAASGRTFSNSFVGWFRQAPGKEREFVAAISWNGVNTYYADSVKGRFTISRDNAKNTLYLQMNNLKPEDTAVYYCASGGEPLPRYYTDYASWVDYWGKGTLVTVSS,QVQLVES-GGGLVQAGGSLRLSCAASG-RTFSN-----SFVGWFRQAPGKEREFVAAISWN---GVNTYYADSVKGRFTISRDNAKNTLYLQMNNLKPEDTAVYYCASGGEPLPRYY------------TDYASWVDYWGKGTLVTVSS,0.748219153,0.480463023,0.778749603,0.352060109,0.86240261
5,val_cam6,QVQLVESGGGLVQPGGSLRLSCVASITMNSIVARAWYRQAPGKEREFIASITTDDITNYADSVKGRFTISRDHGKNTVYLQMNSLKPEDTAVYYCHLRTFRRAGADTIPYWGQGTHVTVSS,QVQLVES-GGGLVQPGGSLRLSCVASI-TMNSI-----VARAWYRQAPGKEREFIASITT----DDITNYADSVKGRFTISRDHGKNTVYLQMNSLKPEDTAVYYCHLRTFRRA-----------------GADTIPYWGQGTHVTVSS,0.693850391,0.050751656,0.678093227,0.307532965,0.832789342
6,val_cam7,QVQLVESGGGLVQPGGSLRLSCAASGFTLDDYAIGWFRQAPGKEREGVSFITSSDGSTYYVDSVKGRFTISRDNAKNTVYLQMNSLTPEDTAIYYCAVGPSFSYTGSTYYRSELPWDYDYWGQGTQVTVSS,QVQLVES-GGGLVQPGGSLRLSCAASG-FTLDD-----YAIGWFRQAPGKEREGVSFITSS---DGSTYYVDSVKGRFTISRDNAKNTVYLQMNSLTPEDTAIYYCAVGPSFSYTGSTY--------YRSELPWDYDYWGQGTQVTVSS,0.755676673,0.641285079,0.499510237,0.385296065,0.896565785
7,val_cam8,QVQLVESGGGLVQAGGSLRLSCAASGRTFSSYVMAWFRQAPGKEREFVATMDSSGGNRYYGDSVKDRFTISRDNAKNTVYLQMNSLKTEDTAVYYCAAYTGRMATGWGNGGWKEYDYWGQGTQVTVSS,QVQLVES-GGGLVQAGGSLRLSCAASG-RTFSS-----YVMAWFRQAPGKEREFVATMDSS---GGNRYYGDSVKDRFTISRDNAKNTVYLQMNSLKTEDTAVYYCAAYTGRMATGW-----------GNGGWKEYDYWGQGTQVTVSS,0.724160637,0.645754353,0.570955788,0.267881327,0.856275025
8,val_cam9,QVQLVESGGGLVQAGGSLRLSCAASGRTFSNNAMGWFRQAPGKERDFVAAISWSGDSTYYADSVKGRFTISRDNAKNTVYLQMNSLKPEDTAVYYCAAGGEPLPRYWTDYASWVDYWGKGTLVTVSS,QVQLVES-GGGLVQAGGSLRLSCAASG-RTFSN-----NAMGWFRQAPGKERDFVAAISWS---GDSTYYADSVKGRFTISRDNAKNTVYLQMNSLKPEDTAVYYCAAGGEPLPRYW------------TDYASWVDYWGKGTLVTVSS,0.736748564,0.619649372,0.732638271,0.365960958,0.831814654
9,val_cam10,QVQLVESGGGLVQTGGSLRLSCAASGRTFSSNAMGWFRQAPGKEREFVAAINWSGGSTYYADSVKGRFTISRDNTKNTVYLQVNSLKPEDTAVYFCAAGGEPLPRYWSDYASWVDYWGKGTLVTVSS,QVQLVES-GGGLVQTGGSLRLSCAASG-RTFSS-----NAMGWFRQAPGKEREFVAAINWS---GGSTYYADSVKGRFTISRDNTKNTVYLQVNSLKPEDTAVYFCAAGGEPLPRYW------------SDYASWVDYWGKGTLVTVSS,0.754510074,0.754696788,0.811889125,0.422616352,0.820501536
10,val_cam11,QVQLVESGGGLVQAGGSLRLSCAASGRTFSNYAMGWFRQAPGKEREFVAAISWSGGSTYYADSVKGRFTISRNNAKNTVYLQMNSLKPEDAAVYYCAAGGEGYDSDYGPPLAPDYWGQGTQVTVSS,QVQLVES-GGGLVQAGGSLRLSCAASG-RTFSN-----YAMGWFRQAPGKEREFVAAISWS---GGSTYYADSVKGRFTISRNNAKNTVYLQMNSLKPEDAAVYYCAAGGEGYDSD-------------YGPPLAPDYWGQGTQVTVSS,0.774156292,0.690340002,0.816696701,0.46065222,0.843766233
11,val_cam12,QVQLVESGGGLVQPGGSLRLSCAASGFTLDDYAIGWFRQAPGKEREGVSCIISNDGIKYYSDSVKGRFTISRDNAKNTVYLQMNSLKPEDTAVYYCAAERWGYSDCVAGYGMDYWGKGTLVTVSS,QVQLVES-GGGLVQPGGSLRLSCAASG-FTLDD-----YAIGWFRQAPGKEREGVSCIISN---DGIKYYSDSVKGRFTISRDNAKNTVYLQMNSLKPEDTAVYYCAAERWGYSDC--------------VAGYGMDYWGKGTLVTVSS,0.804174498,0.787318771,0.581851851,0.4242849,0.906082809
